FFT	AudioTools 	v11.9.2 Chris's iPad battery  73%	2020-10-11T10:08:53+09:00	Headset Mic 1 Low Range	D6F24FA5-4535-4333-AB42-0CA52FBBA865
Frequency	dB	Unweighted
19.5	55.4
19.8	55.4
20.1	55.5
20.3	55.6
20.6	55.6
20.9	55.7
21.2	55.7
21.6	55.7
21.9	55.8
22.2	55.8
22.5	55.8
22.8	55.9
23.2	56
23.5	56.2
23.8	56.3
24.2	56.5
24.5	56.7
24.9	56.8
25.3	57
25.6	57.1
26	57.2
26.4	57.3
26.8	57.4
27.2	57.4
27.5	57.5
28	57.5
28.4	57.6
28.8	57.5
29.2	57.5
29.6	57.4
30	57.4
30.5	57.4
30.9	57.4
31.4	57.5
31.8	57.7
32.3	57.8
32.8	57.8
33.2	57.8
33.7	57.8
34.2	57.8
34.7	57.8
35.2	57.9
35.7	58.2
36.2	58.4
36.8	58.7
37.3	58.9
37.9	59
38.4	59
39	58.9
39.5	58.8
40.1	58.7
40.7	58.6
41.3	58.4
41.9	58.3
42.5	58.3
43.1	58.5
43.7	58.7
44.4	58.8
45	58.8
45.7	58.6
46.3	58.4
47	58.2
47.7	58.1
48.4	58.1
49.1	58.1
49.8	58
50.5	57.9
51.3	57.6
52	57.5
52.8	57.4
53.5	57.4
54.3	57.5
55.1	57.7
55.9	57.8
56.7	57.8
57.5	58
58.4	58.3
59.2	58.5
60.1	58.2
61	58
61.8	57.8
62.7	57.8
63.7	57.8
64.6	57.8
65.5	57.7
66.5	57.5
67.4	57.4
68.4	57.2
69.4	56.9
70.4	56.9
71.5	57.1
72.5	57
73.5	56.7
74.6	56.4
75.7	56.2
76.8	56.1
77.9	56.1
79.1	56.3
80.2	56.3
81.4	56
82.6	55.9
83.8	55.9
85	55.9
86.2	56.1
87.5	56.3
88.7	56.3
90	56.2
91.3	56.2
92.7	56.2
94	56.1
95.4	56
96.8	56
98.2	55.9
99.6	55.8
101	55.5
103	55.3
104	55.3
106	55.5
107	55.6
109	55.6
110	55.5
112	55.3
113	55.2
115	55.2
117	54.9
118	54.8
120	54.7
122	54.7
124	54.9
125	55.1
127	54.9
129	54.7
131	54.7
133	54.6
135	54.3
137	54.2
139	54.2
141	54
143	53.9
145	53.8
147	53.9
149	54
151	54
154	53.8
156	53.9
158	54
160	53.8
163	53.6
165	53.4
168	53.5
170	53.5
172	53.5
175	53.7
177	53.7
180	53.5
183	53.5
185	53.5
188	53.5
191	53.4
194	53.4
196	53.5
199	53.4
202	53.1
205	53.1
208	53.2
211	53.1
214	53
217	52.9
220	52.9
224	53.1
227	53.1
230	53.1
234	53
237	52.7
240	52.6
244	52.7
247	52.8
251	52.9
255	52.8
258	52.8
262	52.8
266	52.7
270	52.6
274	52.5
278	52.5
282	52.5
286	52.5
290	52.6
294	52.5
298	52.4
303	52.5
307	52.6
312	52.3
316	52.1
321	52.2
325	52.4
330	52.4
335	52.4
340	52.5
345	52.5
350	52.5
355	52.4
360	52.3
365	52.3
371	52.2
376	52.1
382	52.3
387	52.9
393	53.4
398	53.8
404	53.8
410	53.6
416	53.3
422	53.2
428	52.8
434	52.4
441	52.2
447	52.1
454	51.9
460	52.1
467	52.2
474	52.2
481	52.2
488	52.3
495	52.3
502	52.1
509	52.1
517	52.1
524	52.1
532	52.2
540	52.2
547	52.1
555	52
563	52.1
572	52.1
580	52
588	52
597	52
606	52
614	52
623	52.1
632	52
642	52.1
651	52.2
660	52.2
670	52
680	52
690	52
700	52
710	51.8
720	51.8
731	51.8
741	51.9
752	51.9
763	51.9
774	52
785	52.1
797	51.9
808	51.9
820	51.9
832	51.9
844	51.8
856	51.8
869	51.8
882	51.9
894	52
907	52.1
921	52
934	51.9
948	52
961	52
975	52.1
990	52.2
1004	52.2
1019	52.2
1033	52.3
1048	52.5
1064	52.5
1079	52.6
1095	52.9
1111	53
1127	53.1
1143	53.3
1160	53.5
1177	53.9
1194	54
1211	54.2
1229	54.5
1247	54.6
1265	54.8
1283	55
1302	55.1
1321	55.2
1340	55.3
1360	55.5
1379	55.5
1399	55.7
1420	55.7
1440	55.9
1461	55.9
1483	56.1
1504	56.1
1526	56.2
1548	56.3
1571	56.4
1594	56.5
1617	56.6
1640	56.5
1664	56.6
1688	56.7
1713	56.7
1738	56.7
1763	56.8
1789	56.8
1815	57
1841	57
1868	57.1
1895	57.2
1923	57.3
1951	57.3
1979	57.4
2008	57.6
2037	57.6
2067	57.7
2097	57.7
2127	57.8
2158	58
2190	58
2221	58.1
2254	58.1
2287	58.3
2320	58.3
2354	58.3
2388	58.3
2423	58.4
2458	58.4
2494	58.4
2530	58.4
2567	58.4
2604	58.4
2642	58.5
2680	58.4
2719	58.3
2759	58.2
2799	58.1
2840	58.2
2881	58.1
2923	58
2965	57.9
3008	57.8
3052	57.6
3097	57.4
3142	57.2
3187	57
3234	56.8
3281	56.6
3328	56.3
3377	56.2
3426	56
3476	55.8
3526	55.6
3578	55.4
3630	55.3
3682	55.2
3736	55
3790	54.9
3846	54.8
3901	54.7
3958	54.7
4016	54.7
4074	54.7
4133	54.7
4194	54.6
4255	54.6
4316	54.7
4379	54.8
4443	54.9
4508	55.1
4573	55.3
4640	55.6
4707	56
4776	56.3
4845	56.6
4916	56.9
4987	57.4
5060	57.8
5133	58.1
5208	58.3
5284	58.5
5360	58.6
5438	58.7
5518	58.9
5598	58.9
5679	59
5762	59
5846	59
5931	59.1
6017	59
6104	59
6193	58.9
6283	58.9
6375	58.8
6467	58.8
6561	58.8
6657	58.7
6754	58.8
6852	58.9
6952	59
7053	59.2
7155	59.3
7259	59.6
7365	59.9
7472	60.3
7581	60.7
7691	61.1
7803	61.5
7916	61.9
8032	62.2
8148	62.4
8267	62.8
8387	63.1
8509	63.2
8633	63.3
8758	63.1
8886	62.8
9015	62.5
9146	62
9279	61.4
9414	60.8
9551	60.2
9690	59.5
9831	58.9
9974	57.9
10119	57.4
10266	56.8
10416	56.4
10567	56
10721	55.6
10877	55.3
11035	55
11196	54.8
11358	54.6
11524	54.5
11691	54.3
11861	54.2
12034	54.1
12209	53.9
12386	53.7
12567	53.4
12749	53.1
12935	52.7
13123	52.3
13314	51.8
13507	51.3
13704	50.8
13903	50.4
14105	50
14311	49.6
14519	49.2
14730	48.9
14944	48.7
15162	48.7
15382	48.9
15606	49.2
15833	49.6
16063	50.1
16297	50.5
16534	50.2
16774	48.8
17018	46.4
17266	44.6
17517	44.5
17772	45.3
18030	45.4
18293	44.4
18559	42.8
18829	41.1
19102	39.5
19380	37.7
20000	35.9
overall dB	80.2 dB
decay	Average
averaging	1/24 Octave
source	Headset Mic 1 Low Range
latitude	33.967
longitude	132.116
saved	2020-10-11T10:08:53+09:00
peak	37.7Hz
